//use: NPCid - stabatt(melee att) slashatt(unused) crushatt(unused) magicatt rangeatt stabdef slashdef crushdef magicdef rangedef 
14741 - 500 500 500 2000 10000 150 150 150 1000 1000
12862 - 350 0 0 200 250 100 50 50 50 50
5044 - 25 0 0 25 25 25 25 25 25 25
5045 - 25 0 0 25 25 25 25 25 25 25
5219 - 100 0 0 25 25 25 50 50 50 50
5218 - 100 0 0 25 25 25 50 50 50 50
//kalphite king
16699 - 0 0 0 0 500 500 500 500 2500 2500
16698 - 0 0 0 500 0 1500 1500 1500 2500 500
16696 - 500 500 500 0 0 2500 2500 2500 500 2500
//Airut
18621 - 500 500 500 0 0 150 150 150 150 150
//vorago
17182 - 500 500 500 2000 10000 150 150 150 150 150
17158 - 400 200 200 800 400 250 350 350 250 400
17185 - 400 200 200 800 400 250 350 350 250 400
17157 - 200 200 200 800 400 250 350 350 250 400
//Ascenion Monsters
17144 - 0 0 0 500 0 100 100 100 100 100
17147 - 500 0 0 0 0 100 100 100 100 100
17146 - 0 0 0 500 0 100 100 100 100 100
17145 - 500 0 0 0 500 100 100 100 100 100
//Ascension Bosses
17154 - 500 0 0 500 500 100 100 100 100 100
17153 - 500 0 0 500 500 100 100 100 100 100
17152 - 500 0 0 500 500 100 100 100 100 100
17151 - 500 0 0 500 500 100 100 100 100 100
17150 - 500 0 0 500 500 100 100 100 100 100
17149 - 500 0 0 500 500 100 100 100 100 100
//arraxor
19462 - 0 0 0 0 780 700 650 600 700 800
19465 - 800 700 700 750 750 750 850 600 600 800
19467 - 800 700 700 750 750 750 850 600 600 800
19457 - 800 700 700 750 750 750 850 600 600 800
//man and woman
1 - 1 0 0 0 0 1 1 1 1 1
2 - 1 0 0 0 0 1 1 1 1 1
3 - 1 0 0 0 0 1 1 1 1 1
4 - 1 0 0 0 0 1 1 1 1 1
5 - 1 0 0 0 0 1 1 1 1 1
6 - 1 0 0 0 0 1 1 1 1 1
//Christmas Event
7379 - 90 0 0 0 0 120 105 85 20 85
10465 - 120 80 80 80 80 150 125 95 30 95
1624 - 260 201 201 190 190 258 260 260 280 340
//Farmer
7 - 4 0 0 1 1 3 3 3 3 3
//Thief
8 - 10 0 0 1 1 10 10 10 6 10
//Guard
9 - 17 0 0 1 1 14 10 12 10 8
//Wizard
13 - 1 0 0 13 1 13 13 13 26 6
//Warrior Woman
15 - 16 0 0 1 1 12 12 12 28 13
//man
16 - 1 0 0 0 0 1 1 1 1 1
//Al kharid Warrior
18 - 13 0 0 1 1 13 13 13 7 13
//White Knight
19 - 25 0 0 1 1 25 25 25 13 25
//Paladin
20 - 45 0 0 1 1 35 35 35 20 40
//King Black Dragon
50 - 300 10 10 200 0 250 350 400 350 400
//Frost dragon
51 - 280 221 221 210 210 278 280 280 300 360
//ice spider
64 - 50 0 0 0 0 50 50 50 0 50
//Random
78 - 40 0 0 0 0 10 20 20 20 20
//Wolf lvl 64
95 - 50 0 0 0 0 30 30 30 20 20
//Adolescent Wolf lvl 3
96 - 5 0 0 1 1 5 5 5 1 1
//Jogre
113 - 41 0 0 0 0 41 41 41 22 41
//Random
117 - 86 0 0 0 0 70 70 58 67 67
119 - 80 0 0 0 0 70 70 70 65 70
127 - 75 0 0 0 0 50 50 50 50 50
//Wolves
//Big Wolf
141 - 70 0 0 0 0 40 40 40 20 20
//Wolf lvl 25
142 - 25 0 0 0 0 20 20 20 20 20
//random
182 - 50 0 0 0 0 45 40 50 45 45
183 - 50 0 0 0 0 45 40 50 45 45
655 - 121 10 10 170 0 200 215 254 201 320
//Elvarg
742 - 121 10 10 170 0 200 215 254 201 320
//Delrith
879 - 20 0 0 0 0 30 30 30 30 30
//Random
912 - 0 0 0 85 0 75 75 75 75 75
913 - 0 0 0 85 0 75 75 75 75 75
914 - 0 0 0 85 0 75 75 75 75 75
//Green dragon
941 - 121 10 10 124 0 214 215 254 201 320
//High Level Doomion
999 - 500 0 0 0 0 200 200 200 30 400
//High Level Othainian
998 - 0 0 0 0 500 200 200 200 300 40
//High Level Holthion
1000 - 0 0 0 500 0 20 20 20 300 400
//kalphite queen
1158 - 450 0 0 450 450 450 450 400 400 700
16708 - 450 0 0 450 450 600 600 600 200 550
//Ghoul
1218 - 20 0 0 1 1 30 30 30 10 30
//Monkey guards
1459 - 70 0 0 1 1 60 60 60 120 60
1460 - 70 0 0 1 1 60 60 60 120 60
//Bronze dragon
1590 - 260 201 201 190 190 258 260 260 280 340
//Iron dragon
1591 - 341 18 18 244 240 284 295 301 261 350
//Steel dragon
1592 - 361 20 20 264 260 301 312 315 281 370
//Abyssal Demon
1615 - 73 0 0 1 1 73 40 73 40 73
//Experiments
1676 - 15 0 0 1 1 20 20 20 20 20
1677 - 15 0 0 1 1 20 20 20 20 20
1678 - 15 0 0 1 1 20 20 20 20 20
//Bandit @ bandit camp
1931 - 60 0 0 1 1 25 25 25 25 25
//ahrim
2025 - 0 0 0 172 0 202 184 216 172 99
//guthan
2027 - 174 0 0 0 0 358 356 340 88 375
//karil
2028 - 0 0 0 0 233 178 170 189 205 199
//torag
2029 - 184 0 0 0 0 361 359 343 88 385
//verac
2030 - 253 0 0 0 0 320 331 321 99 321
//dharok
2026 - 202 0 0 0 0 351 349 333 87 374
//Bloodworm
2031 - 74 0 0 0 0 35 36 34 30 24
//Crypt Rat
2032 - 45 0 0 0 0 60 55 50 20 20
//Giant Crypt Rat
2033 - 100 0 0 0 0 90 90 90 90 90
//Crypt Spider
2034 - 65 0 0 0 0 30 30 30 35 50
//Giant Crypt Spider
2035 - 80 0 0 0 0 65 65 70 45 65
//Crypt Skeletons
2036 - 130 0 0 0 0 105 105 105 80 80
2037 - 130 0 0 0 0 105 105 105 80 80
//Zogres
2044 - 40 0 0 1 1 40 40 40 20 40
2045 - 40 0 0 1 1 40 40 40 20 40
2046 - 40 0 0 1 1 40 40 40 20 40
2047 - 40 0 0 1 1 40 40 40 20 40
2048 - 40 0 0 1 1 40 40 40 20 40
2049 - 40 0 0 1 1 40 40 40 20 40
2050 - 40 0 0 1 1 40 40 40 20 40
2051 - 40 0 0 1 1 40 40 40 20 40
2052 - 40 0 0 1 1 40 40 40 20 40
2053 - 40 0 0 1 1 40 40 40 20 40
2054 - 40 0 0 1 1 40 40 40 20 40
2055 - 40 0 0 1 1 40 40 40 20 40
//Skogres
2056 - 40 0 0 1 1 40 40 40 20 40
2057 - 40 0 0 1 1 40 40 40 20 40
//Slash Bash
2060 - 120 0 0 120 120 60 60 10 160 1
//fire titan
2355 - 180 0 0 150 150 325 325 325 275 370
//Wildy wyrm
2417 - 250 0 0 180 90 200 200 200 150 300
//Wizards
2709 - 100 0 0 100 0 5000 5000 5000 15 5000
2710 - 100 0 0 100 0 5000 5000 5000 15 5000
2711 - 100 0 0 100 0 5000 5000 5000 15 5000
2712 - 100 0 0 100 0 5000 5000 5000 15 5000
//fight caves
2734 - 20 0 0 0 0 20 20 20 50 20
2737 - 40 0 0 0 0 45 47 50 70 70
2738 - 20 0 0 0 0 23 24 25 35 35
2739 - 80 0 0 0 80 135 135 150 150 100
2741 - 160 0 0 0 0 190 185 185 180 125
2743 - 200 0 0 320 250 350 350 350 300 250
//Jad
2745 - 2000 2000 2000 2000 2000 400 500 500 500 400
//dark beast 2783
2783 - 300 0 0 300 2 235 235 235 600 35
//Dag Lair
2881 - 115 0 0 90 200 150 150 150 300 200
2882 - 115 0 0 250 100 300 300 300 200 150
2883 - 250 0 0 90 90 200 200 200 150 300
2894 - 1 0 0 200 1 70 70 70 70 70
2895 - 100 0 0 1 1 250 250 250 250 250
2887 - 1 0 0 1 100 50 50 70 150 150
2888 - 100 0 0 1 1 50 50 70 150 150
2889 - 140 0 0 1 1 200 200 20 30 400
2892 - 10 0 0 50 15 10 10 10 10 10
2894 - 10 0 0 50 15 10 10 10 10 10
2896 - 10 0 0 50 15 10 10 10 10 10
//Giant Champion
3058 - 900 0 0 160 20 450 450 450 0 180
//Jogre champion
3063 - 1000 0 0 340 800 250 500 300 290 120
//Lesser Demon Champion
3064 - 450 0 0 300 550 350 350 350 0 400
//Wyverns
3068 - 120 0 0 120 120 60 60 10 160 1
3069 - 120 0 0 120 120 60 60 10 160 1
3070 - 120 0 0 120 120 60 60 10 160 1
3071 - 120 0 0 120 120 60 60 10 160 1
//wildy wyrm
3334 - 250 0 0 180 90 200 200 200 150 300
//Giant Mole
3340 - 80 0 0 0 0 300 300 300 250 300
//Mutated Zygomites
3346 - 60 0 0 1 1 75 75 75 85 95
3347 - 60 0 0 1 1 75 75 75 85 95
//evil chicken
3375 - 0 0 0 200 0 200 200 200 200 200
//Icefiend
3406 - 20 0 0 1 1 20 20 20 30 10
//Jogre
3449 - 41 0 0 0 0 41 41 41 22 41
//High Level Jogre
3450 - 400 0 0 0 0 200 200 200 200 200
//Steel dragon
3590 - 361 20 20 264 260 301 312 315 281 370
//Brine rat
3707 - 50 0 0 1 1 50 30 35 40 20
//Pest Invasion
//Splatters
3727 - 40 0 0 0 0 15 20 23 18 18
3728 - 45 0 0 0 0 15 20 23 19 18
3729 - 50 0 0 0 0 17 23 27 19 18
3730 - 60 0 0 0 0 20 25 30 20 20
3731 - 75 0 0 0 0 40 35 45 30 35
//Shifters
3732 - 110 0 0 0 0 70 65 45 6 80
3733 - 110 0 0 0 0 70 65 45 6 80
3734 - 115 0 0 0 0 75 70 50 7 90
3735 - 115 0 0 0 0 75 70 50 7 90
3736 - 120 0 0 0 0 80 75 55 8 94
3737 - 120 0 0 0 0 80 75 55 8 94
3738 - 130 0 0 0 0 85 80 60 10 99
3739 - 130 0 0 0 0 85 80 60 10 99
3740 - 190 0 0 0 0 120 120 95 15 120
3741 - 190 0 0 0 0 120 120 95 15 120
//Ravangers
3742 - 140 0 0 0 0 65 65 110 10 100
3743 - 140 0 0 0 0 65 65 110 10 100
3744 - 150 0 0 0 0 80 80 125 10 120
3745 - 150 0 0 0 0 80 80 125 10 120
3746 - 175 0 0 0 0 95 95 150 10 150
//Spinners
3747 - 80 0 0 0 0 73 73 73 25 81
3748 - 80 0 0 0 0 73 73 73 25 81
3749 - 90 0 0 0 0 76 76 76 27 85
3750 - 90 0 0 0 0 76 76 76 27 85
3751 - 100 0 0 0 0 80 80 80 30 90
//Torchers
3752 - 85 0 0 70 0 27 56 56 100 37
3753 - 85 0 0 70 0 27 56 56 100 37
3754 - 90 0 0 75 0 30 60 60 110 40
3755 - 90 0 0 75 0 30 60 60 110 40
3756 - 90 0 0 75 0 30 60 60 110 40
3757 - 90 0 0 75 0 30 60 60 110 40
3758 - 100 0 0 80 0 45 80 70 120 45
3759 - 100 0 0 80 0 45 80 70 120 45
3760 - 100 0 0 80 0 45 80 70 120 45
3761 - 100 0 0 80 0 45 80 70 120 45
//Defilers
3762 - 92 0 0 0 80 13 48 51 57 95
3763 - 92 0 0 0 80 13 48 51 57 95
3764 - 95 0 0 0 80 13 48 51 57 95
3765 - 95 0 0 0 80 13 48 51 57 95
3766 - 95 0 0 0 80 13 48 51 57 95
3767 - 95 0 0 0 80 13 48 51 57 95
3768 - 100 0 0 0 90 15 60 60 60 100
3769 - 100 0 0 0 90 15 60 60 60 100
3770 - 100 0 0 0 90 15 60 60 60 100
3771 - 100 0 0 0 90 15 60 60 60 100
//Brawlers
3772 - 150 0 0 0 0 110 100 100 70 130
3773 - 175 0 0 0 0 115 110 120 76 140
3774 - 175 0 0 0 0 115 110 120 76 140
3775 - 200 0 0 0 0 120 120 125 80 150
3776 - 200 0 0 0 0 120 120 125 80 150
//Tortoises
3808 - 100 0 0 100 100 80 80 80 20 100
3819 - 70 0 0 1 1 80 80 80 20 100
//catablepon 49
4397 - 0 0 0 80 0 30 40 30 100 30
//catablepon 64
4398 - 0 0 0 90 0 50 80 70 180 80
//catablepon 68
4399 - 0 0 0 110 0 50 80 70 180 80
//random
4400 - 70 0 0 0 0 65 65 60 65 65
//Wolf lvl 13
4413 - 15 0 0 0 0 0 10 10 0 10
//Wolf lvl 11
4414 - 10 0 0 0 0 0 10 10 0 10
//Gorak
4418 - 300 0 0 1 1 90 90 90 40 500
//Suqah
4527 - 220 0 0 220 1 75 75 75 400 60
4528 - 220 0 0 220 1 75 75 75 400 60
4529 - 220 0 0 220 1 75 75 75 400 60
4530 - 220 0 0 220 1 75 75 75 400 60
4531 - 220 0 0 220 1 75 75 75 400 60
4532 - 220 0 0 220 1 75 75 75 400 60
4533 - 220 0 0 220 1 75 75 75 400 60
//Green dragon
4677 - 121 10 10 124 0 214 215 254 201 320
4678 - 121 10 10 124 0 214 215 254 201 320
4679 - 121 10 10 124 0 214 215 254 201 320
4680 - 121 10 10 124 0 214 215 254 201 320
//High Level Moss giant
4706 - 0 0 0 500 0 140 140 120 10 45
//Carnivorous chinchompa
5080 - 1 0 0 1 1 5 5 5 0 5
//Ogre Shaman
5176 - 100 0 0 1 1 120 120 120 100 300
5181 - 100 0 0 1 1 120 120 120 100 300
5184 - 100 0 0 1 1 120 120 120 100 300
5187 - 100 0 0 1 1 120 120 120 100 300
//Ogre Shaman
5190 - 100 0 0 1 1 120 120 120 100 300
5193 - 100 0 0 1 1 120 120 120 100 300
//Waterfiend
5361 - 100 100 100 200 400 300 300 300 300 300
//Brutal Green Dragon
5362 - 281 20 20 224 250 300 300 300 276 357
//Mithril Dragon
5363 - 381 25 25 284 280 312 321 325 301 390
//Confused Barbarian
5364 - 400 0 0 400 400 150 300 300 165 175
//Terror Dogs
5417 - 120 0 0 1 1 150 90 150 200 200
5418 - 100 0 0 1 1 130 70 130 180 180
//Yak 
5529 - 20 0 0 1 1 20 20 20 20 20
//Big Wolf
6046 - 70 0 0 0 0 40 40 40 20 20
//Wolf - 25
6047 - 25 0 0 0 0 20 20 20 20 20
//godwars zamorak
6203 - 600 0 0 0 400 500 350 500 300 600
6204 - 300 0 0 0 0 300 300 300 200 200
6206 - 100 0 0 0 300 300 300 300 200 200
6208 - 100 0 0 0 0 300 300 300 200 200
//Zamorak Minions
//hellhound
6210 - 85 0 0 1 1 50 50 50 50 50
//Imp
6211 - 5 0 0 1 1 2 2 2 2 2
//Werewolves
6212 - 65 0 0 1 1 40 40 40 20 40
6213 - 65 0 0 1 1 40 40 40 20 40
//Vampyre
6214 - 60 0 0 1 1 40 40 40 10 80
//Bloodveld
6215 - 100 0 0 1 1 20 60 10 90 30
//Pyrefiend
6216 - 35 0 0 1 1 15 15 15 1 30
//Gorak
6218 - 140 0 0 1 1 70 70 70 10 120
//Spiritual Warrior
6219 - 110 0 0 1 1 40 40 40 20 90
//Spiritual Ranger
6220 - 1 0 0 1 110 20 20 20 130 90
//Spiritual Mage
6221 - 1 0 0 110 1 30 30 30 200 20
//godwars armadyl
6222 - 400 0 0 0 650 300 0 0 500 300
6223 - 100 0 0 0 0 300 300 300 200 200
6225 - 600 0 0 0 300 100 300 300 200 200
6227 - 300 0 0 0 0 100 300 300 200 200
//Armadyl Minions
//Spiritual Warrior
6229 - 80 0 0 1 1 80 80 80 30 60
//Spiritual Range
6230 - 1 0 0 1 80 60 120 40 160 110
//Spiritual Mage
6231 - 1 0 0 60 1 100 100 100 190 10
//aviansies
6232 - 1 0 0 1 60 70 70 70 130 75
6233 - 1 0 0 1 65 80 80 80 130 75
6234 - 1 0 0 1 70 80 80 80 130 75
6235 - 1 0 0 1 72 80 80 80 130 75
6236 - 1 0 0 1 70 80 80 80 130 75
6237 - 1 0 0 1 85 90 90 50 190 55
6238 - 1 0 0 1 95 90 90 80 190 55
6239 - 1 0 0 1 105 100 100 100 400 65
6240 - 1 0 0 1 75 70 70 70 130 70
6241 - 1 0 0 1 65 50 50 50 130 70
6242 - 1 0 0 1 70 70 70 70 130 50
6243 - 1 0 0 1 80 70 70 70 130 70
6244 - 1 0 0 1 85 60 60 60 190 55
6245 - 1 0 0 1 75 70 70 70 130 70
6246 - 1 0 0 1 100 60 60 60 300 65
//sara godwars
6247 - 450 0 0 450 0 500 500 350 300 600
6248 - 100 0 0 0 0 300 300 300 200 350
6250 - 0 0 0 100 0 300 300 300 20 300
6252 - 0 0 0 0 200 300 250 300 250 350
//Saradomin Minions
//Saradomin Priest
6254 - 1 0 0 60 1 50 50 50 490 20
//Spiritual Warrior
6255 - 60 0 0 1 1 100 100 100 10 80
//Spiritual Ranger
6256 - 1 0 0 1 60 80 80 80 150 100
//Spiritual Mage
6257 - 1 0 0 80 1 60 50 40 300 20
//Knights of Saradomin
6258 - 90 0 0 1 1 75 75 75 10 210
6259 - 85 0 0 1 1 70 70 70 30 120
//bandos godwars
6260 - 600 0 0 0 300 400 350 300 200 400
6261 - 100 0 0 0 200 100 300 300 200 350
6263 - 0 0 0 50 0 300 300 300 20 300
6265 - 0 0 0 0 100 300 250 300 250 350
//Bandos Minions
//Jogre
6268 - 50 0 0 0 0 50 50 50 25 60
//Cyclops
6269 - 80 0 0 0 0 50 40 40 15 30
6270 - 80 0 0 0 0 50 40 40 15 30
//Orks
6271 - 95 0 0 0 0 70 70 70 30 70
6272 - 95 0 0 0 0 70 70 70 30 70
6273 - 95 0 0 0 0 70 70 70 30 70
6274 - 95 0 0 0 0 70 70 70 30 70
//Hobgoblin
6275 - 40 0 0 0 0 20 20 20 10 40
//Spiritual Ranger
6276 - 1 0 0 1 80 80 80 80 70 120
//Spiritual Warrior
6277 - 80 0 0 1 1 70 70 70 20 80
//Spiritual Mage
6278 - 1 0 0 90 1 40 40 40 190 20
//Goblins
6279 - 15 0 0 1 1 10 10 10 5 5
6280 - 10 0 0 1 1 8 8 8 5 5
6281 - 10 0 0 1 1 8 8 8 5 5
6282 - 12 0 0 1 1 9 9 9 5 5
6283 - 10 0 0 1 1 10 10 10 5 5
//Pest Queen
6358 - 300 100 100 200 0 250 350 400 350 400
//Zamorak Warrior
6363 - 90 90 90 1 1 80 80 80 30 150
6364 - 90 90 90 1 1 80 80 80 30 150
//Zamorak Ranger
6365 - 1 1 1 1 110 40 40 40 150 80
6366 - 1 1 1 1 110 40 40 40 150 80
//Zamorak Mage
6367 - 1 1 1 85 1 60 60 60 350 5
6368 - 1 1 1 85 1 60 60 60 350 5
//Cave Lizard
6369 - 40 1 1 1 1 25 25 25 25 25
//Zamorak Crafter
6371 - 20 1 1 1 1 15 15 15 5 5
6372 - 20 1 1 1 1 15 15 15 5 5
//Spirit TerrorBird
6795 - 130 0 0 100 170 240 240 240 220 260
6794 - 130 0 0 100 170 240 240 240 220 260
//Bunyip
6813 - 130 0 0 0 0 250 250 250 100 250
6814 - 130 0 0 0 0 200 200 200 100 250
//Summonnig
6822 - 125 0 0 0 0 200 200 200 150 250
6823 - 125 0 0 0 0 200 200 200 150 250
//Pack Yak
6873 - 150 0 0 0 0 250 250 250 100 300
6874 - 150 0 0 0 0 250 250 250 100 300
//Ogress Champion
7078 - 90 0 0 0 0 120 120 120 120 80
//Ogress Warriors
7079 - 80 0 0 0 0 110 110 110 110 70
7080 - 80 0 0 0 0 110 110 110 110 70
//Ogresses
7081 - 70 0 0 0 0 100 100 100 100 60
7082 - 70 0 0 0 0 100 100 100 100 60
//Bork
7133 - 400 0 0 400 400 150 300 300 165 175
7134 - 400 0 0 400 400 150 300 300 165 175
7135 - 100 52 52 100 100 70 75 75 80 82
//Swamp Titan
7329 - 190 0 0 250 225 295 295 295 370 275
7330 - 190 0 0 250 225 295 295 295 370 275
//Geyser Titan
7339 - 190 0 0 190 190 325 325 325 325 325
7340 - 190 0 0 190 190 325 325 325 325 325
//Lava Titan
7341 - 180 0 0 150 150 325 325 325 275 370
7342 - 180 0 0 150 150 325 325 325 275 370
//Steel titan
7343 - 200 0 0 230 250 350 350 350 300 400
7344 - 200 0 0 230 250 350 350 350 300 400
//Abbysal Titan
7349 - 150 0 0 150 150 250 300 250 200 255
7350 - 150 0 0 150 150 250 300 250 200 255
//Fire Titan
7356 - 185 0 0 150 150 325 325 325 275 370
//Moss Titan
7357 - 185 0 0 150 150 325 325 325 275 370
7358 - 185 0 0 150 150 325 325 325 275 370
//Ice Titan
7359 - 185 0 0 150 150 325 325 325 275 370
7360 - 185 0 0 150 150 325 325 325 275 370
//Iron Titan
7375 - 195 0 0 150 250 350 350 350 280 400
7376 - 195 0 0 150 250 350 350 350 280 400
//Skeletal Hand
7640 - 80 0 0 1 1 40 40 40 40 40
//Zombie Hand
7641 - 90 0 0 1 1 40 40 40 40 40
//Bloodvelds
7642 - 150 0 0 1 1 80 80 80 80 80
7643 - 170 0 0 1 1 80 80 80 80 80
//Corporeal Beast
8133 - 700 0 0 250 0 200 400 400 500 400
//Halloween
8149 - 100 0 0 90 150 125 125 125 275 175
//Elite Dark Warrior
8312 - 90 0 0 0 0 120 105 85 20 85
8313 - 90 0 0 0 0 120 105 85 20 85
8314 - 90 0 0 0 0 120 105 85 20 85
8315 - 90 0 0 0 0 120 105 85 20 85
//Elite Dark Ranger
8316 - 0 0 0 0 85 75 55 45 180 120
8317 - 0 0 0 0 85 75 55 45 180 120
8318 - 0 0 0 0 85 75 55 45 180 120
8319 - 0 0 0 0 85 75 55 45 180 120
//Elite Dark Mage
8320 - 0 0 0 85 0 50 40 35 150 45
8321 - 0 0 0 85 0 50 40 35 150 45
8322 - 0 0 0 85 0 50 40 35 150 45
8323 - 0 0 0 85 0 50 40 35 150 45
//Elite Black knight
8324 - 160 0 0 1 1 280 180 145 30 188
8325 - 160 0 0 1 1 280 180 145 30 188
8326 - 160 0 0 1 1 280 180 145 30 188
8327 - 160 0 0 1 1 280 180 145 30 188
//Mercanary Mage
8335 - 400 300 300 500 650 300 300 300 300 300
//Tormented demon
8349 - 450 0 0 450 450 150 300 300 150 200
8350 - 450 0 0 450 450 150 300 300 150 200
8351 - 450 0 0 450 450 150 300 300 150 200
8352 - 450 0 0 450 450 150 300 300 150 200
8353 - 450 0 0 450 450 150 300 300 150 200
8354 - 450 0 0 450 450 150 300 300 150 200
8355 - 450 0 0 450 450 150 300 300 150 200
8356 - 450 0 0 450 450 150 300 300 150 200
8357 - 450 0 0 450 450 150 300 300 150 200
8358 - 450 0 0 450 450 150 300 300 150 200
8359 - 450 0 0 450 450 150 300 300 150 200
8360 - 450 0 0 450 450 150 300 300 150 200
8361 - 450 0 0 450 450 150 300 300 150 200
8362 - 450 0 0 450 450 150 300 300 150 200
8363 - 450 0 0 450 450 150 300 300 150 200
8364 - 450 0 0 450 450 150 300 300 150 200
8365 - 450 0 0 450 450 150 300 300 150 200
8366 - 450 0 0 450 450 150 300 300 150 200
//nomad
8528 - 200 0 0 150 0 250 350 350 250 400
8529 - 200 0 0 150 0 250 350 350 250 400
//Chaos Dwogre Battlefield
8771 - 200 0 0 90 90 175 175 175 125 250
8772 - 100 0 0 90 90 75 75 75 25 50
8773 - 100 0 0 90 90 75 75 75 25 50
8774 - 100 0 0 90 90 75 75 75 25 50
8776 - 100 0 0 90 150 125 125 125 275 175
8777 - 100 0 0 90 150 125 125 125 275 175
8778 - 40 0 0 1 1 50 60 50 20 50
8779 - 40 0 0 1 1 50 60 50 20 50
8781 - 100 0 0 90 125 125 125 125 275 175
8782 - 100 0 0 90 125 125 125 125 275 175
8783 - 200 0 0 90 90 175 175 175 125 250
8784 - 200 0 0 90 90 175 175 175 125 250
8799 - 100 0 0 90 150 125 125 125 275 175
8800 - 100 0 0 90 150 125 125 125 275 175
//Dung
9052 - 100 100 100 200 400 300 300 300 300 300
//Aquanite
9172 - 1 0 0 140 1 90 90 90 400 40
//Halloween
9176 - 250 150 150 150 150 250 250 250 250 250
//Count Draynor
9356 - 150 30 30 210 0 300 295 314 301 3800
//Stryke Wyrms
9463 - 200 0 0 150 0 379 398 454 377 387
9465 - 200 0 0 150 0 379 398 454 377 387
9467 - 200 0 0 150 0 379 398 454 377 387
//Gluttonous behemoth
9948 - 70 70 70 70 70 80 100 80 100 100
9949 - 70 70 70 70 70 80 100 80 100 100
9950 - 70 70 70 70 70 80 100 80 100 100
9951 - 70 70 70 70 70 80 100 80 100 100
9952 - 70 70 70 70 70 80 100 80 100 100
9953 - 70 70 70 70 70 80 100 80 100 100
9954 - 150 150 150 150 150 150 200 150 200 200
9955 - 150 150 150 150 150 100 125 100 125 125
9956 - 200 200 200 200 200 200 250 200 250 250
9957 - 200 200 200 200 200 200 250 200 250 250
9958 - 200 200 200 200 200 200 250 200 250 250
9959 - 200 200 200 200 200 200 250 200 250 250
9960 - 200 200 200 200 200 200 250 200 250 250
9961 - 200 200 200 200 200 200 250 200 250 250
9962 - 300 300 300 300 300 300 400 300 400 400
9963 - 400 400 400 400 400 350 480 350 480 480
9964 - 500 500 500 500 500 400 500 400 500 500
//Astea Frostweb
9965 - 70 0 0 120 0 200 200 200 150 0
9966 - 70 0 0 120 0 200 200 200 150 0
9967 - 70 0 0 120 0 200 200 200 150 0
9968 - 70 0 0 120 0 200 200 200 150 0
9969 - 70 0 0 120 0 200 200 200 150 0
9970 - 70 0 0 120 0 200 200 200 150 0
9971 - 70 0 0 120 0 200 200 200 150 0
9972 - 70 0 0 120 0 200 200 200 150 0
9973 - 70 0 0 120 0 200 200 200 150 0
9974 - 70 0 0 120 0 200 200 200 150 0
9975 - 70 0 0 120 0 200 200 200 150 0
9976 - 70 0 0 120 0 200 200 200 150 0
9977 - 70 0 0 120 0 200 200 200 150 0
9978 - 70 0 0 120 0 200 200 200 150 0
9979 - 70 0 0 120 0 200 200 200 150 0
9980 - 70 0 0 120 0 200 200 200 150 0
9981 - 70 0 0 120 0 200 200 200 150 0
9982 - 70 0 0 120 0 200 200 200 150 0
9983 - 70 0 0 120 0 200 200 200 150 0
9984 - 70 0 0 120 0 200 200 200 150 0
9985 - 70 0 0 120 0 200 200 200 150 0
9986 - 70 0 0 120 0 200 200 200 150 0
9987 - 70 0 0 120 0 200 200 200 150 0
9988 - 70 0 0 120 0 200 200 200 150 0
9989 - 70 0 0 120 0 200 200 200 150 0
9990 - 70 0 0 120 0 200 200 200 150 0
9991 - 70 0 0 120 0 200 200 200 150 0
9992 - 100 0 0 150 0 250 250 250 200 0
9993 - 100 0 0 150 0 250 250 250 200 0
9994 - 100 0 0 150 0 250 250 250 200 0
9995 - 140 0 0 200 0 300 300 300 250 0
9996 - 140 0 0 200 0 300 300 300 250 0
9997 - 140 0 0 200 0 300 300 300 250 0
9998 - 140 0 0 200 0 300 300 300 250 0
9999 - 140 0 0 200 0 300 300 300 250 0
10000 - 140 0 0 200 0 300 300 300 250 0
10001 - 140 0 0 200 0 300 300 300 250 0
10002 - 160 0 0 240 0 325 325 325 275 0
10003 - 160 0 0 240 0 325 325 325 275 0
10004 - 160 0 0 240 0 325 325 325 275 0
10005 - 160 0 0 240 0 325 325 325 275 0
10006 - 160 0 0 240 0 325 325 325 275 0
10007 - 160 0 0 240 0 325 325 325 275 0
10008 - 160 0 0 240 0 325 325 325 275 0
10009 - 160 0 0 240 0 325 325 325 275 0
10010 - 180 0 0 260 0 400 400 400 350 0
10011 - 180 0 0 260 0 400 400 400 350 0
10012 - 180 0 0 260 0 400 400 400 350 0
10013 - 180 0 0 260 0 400 400 400 350 0
10014 - 180 0 0 260 0 400 400 400 350 0
10015 - 180 0 0 260 0 400 400 400 350 0
10016 - 200 0 0 300 0 500 500 500 425 0
10017 - 200 0 0 300 0 500 500 500 425 0
10018 - 200 0 0 300 0 500 500 500 425 0
10019 - 200 0 0 300 0 500 500 500 425 0
10020 - 200 0 0 300 0 500 500 500 425 0
10021 - 200 0 0 300 0 500 500 500 425 0
//High Level lesser demon
10495 - 200 0 0 0 0 200 200 200 100 290
//Green dragon
10604 - 121 10 10 124 0 214 215 254 201 320
10605 - 121 10 10 124 0 214 215 254 201 320
10606 - 121 10 10 124 0 214 215 254 201 320
10607 - 121 10 10 124 0 214 215 254 201 320
10608 - 121 10 10 124 0 214 215 254 201 320
10609 - 121 10 10 124 0 214 215 254 201 320
//High Level Hill giant
10717 - 380 0 0 0 0 100 90 120 100 230
//High Level Fire Giant
10761 - 700 0 0 0 0 300 300 300 0 0
//High Level Ice giant
10769 - 600 0 0 0 0 170 90 140 50 320
//Iron dragon
10776 - 341 18 18 244 240 284 295 301 261 350
10777 - 341 18 18 244 240 284 295 301 261 350
10778 - 341 18 18 244 240 284 295 301 261 350
10779 - 341 18 18 244 240 284 295 301 261 350
10780 - 341 18 18 244 240 284 295 301 261 350
10781 - 341 18 18 244 240 284 295 301 261 350
//Pest invasion
//Elite Black guardian
11696 - 210 0 0 0 0 87 84 96 250 65
//Runebound behemoth lvl 500 (Strong Boss, strong melee defence)
11871 - 280 0 0 240 200 310 390 450 400 450
//yk lagor
11872 - 2000 2000 2000 2000 2000 400 500 500 500 400
//Flesh-Spoiler Haasghenahk lvl 79
11895 - 130 0 0 200 0 70 70 70 150 80
//Flesh-Spoiler Haasghenahk lvl 275
11902 - 170 0 0 240 0 85 85 85 180 90
//Flesh-Spoiler Haasghenahk lvl 334
11909 - 230 0 0 280 0 150 150 200 250 110
//Flesh-Spoiler spawn lvl 45
11910 - 50 0 0 0 0 5 25 20 45 20
//Flesh-Spoiler spawn lvl 94
11916 - 90 0 0 0 0 45 65 50 60 40
//Flesh-Spoiler spawn lvl 113
11924 - 120 0 0 0 0 55 85 75 80 65
//Flesh-Spoiler Haasghenahk lvl 84 (boss)
11925 - 155 0 0 220 0 110 110 110 190 100
//Flesh-Spoiler Haasghenahk lvl 249 (boss)
11930 - 220 0 0 280 0 140 130 140 220 110
//Flesh-Spoiler Haasghenahk lvl 348 (challenging boss)
11939 - 290 0 0 310 0 145 175 160 300 130
//Kal'Ger the Warmonger lvl 792 (Powerhouse boss, nearly unstoppable)
12841 - 400 0 0 290 180 270 290 230 400 365
//blink
12878 - 400 300 300 500 650 300 300 300 300 300
//zaros godwars
13447 - 600 300 300 300 600 1000 1100 1100 1100 1000
13448 - 600 300 300 300 600 1000 1100 1100 1100 1000
13449 - 600 300 300 300 600 1000 1100 1100 1100 1000
13450 - 600 300 300 300 600 1000 1100 1100 1100 1000
//reveneants, low def, high att ftw :)
13465 - 10 0 0 8 12 7 7 7 5 8
13466 - 12 0 0 10 15 8 8 8 6 10
13467 - 15 0 0 12 18 10 10 10 7 12
13468 - 18 0 0 15 22 12 12 12 8 15
13469 - 22 0 0 18 27 15 15 15 10 18
13470 - 27 0 0 22 33 18 18 18 12 22
13471 - 33 0 0 27 41 22 22 22 15 27
13472 - 41 0 0 33 51 27 27 27 18 33
13473 - 51 0 0 41 63 33 33 33 22 41
13474 - 63 0 0 51 78 41 41 41 27 51
13475 - 78 0 0 63 97 51 51 51 33 63
13476 - 97 0 0 78 121 63 63 63 41 78
13477 - 121 0 0 97 151 78 78 78 51 97
13478 - 151 0 0 121 188 97 97 97 63 121
13479 - 188 0 0 151 235 121 121 121 78 151
13480 - 235 0 0 188 293 151 151 151 97 188
13481 - 293 0 0 235 366 188 188 188 121 235
//Mutated jadinkos
13820 - 80 0 0 50 50 70 70 70 50 70
13821 - 180 0 0 70 70 120 120 120 75 130
13822 - 250 0 0 90 90 200 200 200 150 300
//Lucien custom boss
14256 - 1000 1000 1000 1000 1000 1000 1000 1000 1000 1000
//Akrisae the Doomed
14297 - 170 0 0 170 170 150 150 150 150 150
14298 - 170 0 0 170 170 150 150 150 150 150
14299 - 170 0 0 170 170 150 150 150 150 150
14300 - 170 0 0 170 170 150 150 150 150 150
//glacor
14301 - 115 0 0 250 100 300 300 10 20 150
//DT Black Knight Titan 
14436 - 80 0 0 0 0 250 250 250 50 300
//DT Bouncer
14483 - 80 0 0 0 0 150 150 150 100 100
//High Level Agrith Naar
14502 - 300 0 0 900 180 200 200 200 30 400
//DT Elvarg
14548 - 121 10 10 170 0 200 215 254 201 320
//High Level Chronozon
14550 - 700 0 0 500 300 100 100 100 500 300
//DT Delrith
14578 - 20 0 0 0 0 30 30 30 30 30
//Grifolapine
14688 - 70 0 0 160 0 5000 5000 5000 45 5000
//Fungal Mage
14690 - 100 0 0 100 0 5000 5000 5000 15 5000
//Fungal Rodents
14692 - 50 0 0 50 0 5000 5000 5000 5 5000
//Infested Axe
14694 - 70 0 0 100 0 5000 5000 5000 15 5000
//ganodermic beast
14696 - 200 0 0 150 0 100 100 100 100 100
//gano runts 
14698 - 60 0 0 69 69 50 60 59 50 40
14699 - 60 0 0 69 69 50 60 59 50 40
//Grifolaroo
14700 - 70 0 0 120 0 5000 5000 5000 30 5000
//TokHaar-Ket Champion
15187 - 600 0 0 450 620 300 550 290 1500 300
//fightkilns
15201 - 80 0 0 0 0 45 47 50 30 70
15202 - 0 0 0 0 140 150 200 200 200 300
15205 - 160 0 0 0 160 135 150 150 80 200
15203 - 160 0 0 80 0 200 200 200 200 200
15213 - 200 0 0 0 0 250 250 250 80 300
15214 - 200 0 0 0 0 250 250 250 80 300
15207 - 400 0 0 320 250 350 350 350 300 400
15206 - 320 0 0 0 0 190 185 185 80 250
15204 - 320 0 0 0 0 150 185 185 80 250
15208 - 2000 2000 2000 2000 2000 1000 1000 1000 150 1000
15211 - 0 0 0 0 0 1000 1000 1000 150 1000
15209 - 200 0 0 0 250 250 250 500 400 550
15210 - 200 0 0 190 0 500 500 500 400 300
//Sunfreet
15222 - 200 200 200 200 200 10 10 10 10 10
//Default QBD
15454 - 0 0 0 0 0 100 100 100 100 100
//Giant worm
15464 - 157 100 100 88 4 107 198 124 178 157
//Crystal armour QBD 
15506 - 0 0 0 0 0 10 10 10 200 10
//Hardened carapace armour QBD 
15507 - 0 0 0 0 0 200 200 200 10 200
//Tortured Soul
15510 - 112 100 100 178 4 175 142 285 235 195
//Party Demon
15581 - 1200 0 0 1000 1000 500 500 500 1000 900
745 - 500 500 500 500 500 500 500 500 500 500
134 - 100 0 0 0 0 100 100 100 0 100
//Dung Bosses
9948 - 10 10 10 70 70 10 10 10 10 10
10116 - 100 50 50 70 70 60 60 60 60 60
9903 - 200 50 50 70 70 120 120 120 120 120
12825 - 250 250 250 250 250 250 250 250 250 250
//Celestial Dragons
19109 - 280 281 281 270 270 278 280 280 300 360
//Pest Knights
3782 - 100 50 50 70 70 60 60 60 60 60
3784 - 100 50 50 70 70 60 60 60 60 60
3785 - 100 50 50 70 70 60 60 60 60 60
8422 - 500 500 500 500 500 500 500 500 500 500