//use: Object type rotation - x y plane boolean clip
//Removing Objects
//spawn remove
172 10 0 - 2355 3167 0 true
123 10 0 - 2500 3856 0 false
123 10 0 - 2503 3857 0 false
123 10 0 - 2502 3857 0 false
123 10 0 - 2501 3857 0 false
123 10 0 - 2500 3857 0 false
123 10 0 - 2503 3856 0 false
123 10 0 - 2503 3858 0 false
123 10 0 - 2500 3858 0 false
123 10 0 - 2503 3862 0 false
123 10 0 - 2501 3862 0 false
123 10 0 - 2500 3862 0 false
123 10 0 - 2503 3863 0 false
123 10 0 - 2502 3863 0 false
123 10 0 - 2501 3863 0 false
123 10 0 - 2500 3863 0 false
123 10 0 - 2500 3864 0 false
123 10 0 - 2503 3864 0 false
123 10 0 - 2513 3862 0 false
123 10 0 - 2517 3862 0 false
123 10 0 - 2519 3865 0 false
123 10 0 - 2519 3866 0 false
123 10 0 - 2956 3205 0 false
//home banks
2213 10 1 - 2954 3213 0 true
2213 10 1 - 2954 3212 0 true
2213 10 1 - 2954 3211 0 true
2213 10 1 - 2959 3213 0 true
2213 10 1 - 2959 3212 0 true
2213 10 1 - 2959 3211 0 true
// spirit tree
1317 10 2 - 2955 3204 0 true
//altar
13199 10 3 - 2959 3219 0 true
// remove objects
123 10 0 - 2831 3867 0 false
123 10 0 - 2831 3868 0 false
123 10 0 - 2832 3868 0 false
123 10 0 - 2832 3868 0 false
123 10 0 - 2834 3867 0 false
123 10 0 - 2834 3866 0 false
123 10 0 - 2835 3861 0 false
123 10 0 - 2836 3863 0 false
123 10 0 - 2837 3864 0 false
123 10 0 - 2835 3854 0 false
123 10 0 - 2831 3854 0 false
123 10 0 - 2830 3853 0 false
123 10 0 - 2829 3854 0 false
123 10 0 - 2829 3863 0 false
123 10 0 - 2828 3865 0 false
123 10 0 - 2827 3869 0 false
123 10 0 - 2826 3870 0 false
123 10 0 - 2822 3870 0 false
123 10 0 - 2821 3869 0 false
123 10 0 - 2843 3861 0 false
123 10 0 - 2839 3860 0 false
123 10 0 - 2839 3863 0 false
123 10 0 - 2838 3863 0 false
123 10 0 - 2838 3862 0 false
123 10 0 - 2837 3862 0 false
123 10 0 - 2830 3855 0 false
123 10 0 - 2833 3868 0 false
123 10 0 - 2842 3869 0 false
123 10 0 - 2836 3855 0 false
123 10 0 - 2841 3869 1 false
123 10 0 - 2841 3868 1 false
123 10 0 - 2842 3868 1 false
123 10 0 - 2843 3868 1 false
123 10 0 - 2843 3867 1 false
123 10 0 - 2842 3850 1 false
123 10 0 - 2843 3849 1 false
123 10 0 - 2822 3850 1 false
123 10 0 - 2822 3849 1 false
123 10 0 - 2822 3848 1 false
123 10 0 - 2824 3848 1 false
123 10 0 - 2825 3848 1 false
123 10 0 - 2826 3848 1 false
123 10 0 - 2827 3848 1 false
123 10 0 - 2827 3849 1 false
123 10 0 - 2822 3854 1 false
123 10 0 - 2823 3855 1 false
123 10 0 - 2823 3865 1 false
123 10 0 - 2822 3866 1 false
123 10 0 - 2823 3867 1 false
123 10 0 - 2822 3868 1 false
123 10 0 - 2823 3869 1 false
123 10 0 - 2824 3869 1 false
123 10 0 - 2825 3869 1 false
123 10 0 - 3158 9640 0 false
123 10 0 - 3107 3162 0 false
123 10 0 - 2536 2851 0 false
123 10 0 - 2534 2850 0 false	
123 10 0 - 2579 2851 0 false
123 10 0 - 2553 2833 0 false
123 10 0 - 2551 2834 0 false
123 10 0 - 2550 2834 0 false
123 10 0 - 2549 2834 0 false
123 10 0 - 2548 2856 0 false
123 10 0 - 2551 2856 0 false
123 10 0 - 2545 2853 0 false
123 10 0 - 2545 2851 0 false
123 10 0 - 2545 2856 0 false
123 10 0 - 2546 2857 0 false
123 10 0 - 2543 2850 0 false
123 10 0 - 2544 2849 0 false
123 10 0 - 2545 2849 0 false
123 10 0 - 2545 2848 0 false
123 10 0 - 2539 2835 0 false
123 10 0 - 2538 2835 0 false
123 10 0 - 2540 2840 0 false
123 10 0 - 2538 2840 0 false
123 10 0 - 2540 2841 0 false
123 10 0 - 2537 2842 0 false
123 10 0 - 2540 2842 0 false
123 10 0 - 2536 2841 0 false
123 10 0 - 2533 2835 0 false
123 10 0 - 2534 2836 0 false
123 10 0 - 2534 2838 0 false
123 10 0 - 2530 2834 0 false
123 10 0 - 2529 2833 0 false
123 10 0 - 2567 2842 0 false
123 10 0 - 2566 2840 0 false
123 10 0 - 2564 2841 0 false
123 10 0 - 2562 2840 0 false
123 10 0 - 2561 2839 0 false
123 10 0 - 2561 2841 0 false
123 10 0 - 2602 2844 0 false
123 10 0 - 2601 2845 0 false
123 10 0 - 2602 2845 0 false
123 10 0 - 2603 2846 0 false
123 10 0 - 2565 2855 0 false
123 10 0 - 2565 2856 0 false
123 10 0 - 2562 2853 0 false
123 10 0 - 2571 2854 0 false
123 10 0 - 2571 2852 0 false
123 10 0 - 2573 2853 0 false
123 10 0 - 2570 2858 0 false
123 10 0 - 2571 2859 0 false
123 10 0 - 2572 2859 0 false
123 10 0 - 2573 2859 0 false
123 10 0 - 2573 2855 0 false
123 10 0 - 2573 2856 0 false
123 10 0 - 2552 2852 0 false
123 10 0 - 2552 2855 0 false
123 10 0 - 2594 2844 0 false
123 10 0 - 2592 2844 0 false
123 10 0 - 2599 2847 0 false
123 10 0 - 2600 2847 0 false
123 10 0 - 2599 2840 0 false
123 10 0 - 2599 2844 0 false
123 10 0 - 2599 2847 0 false
123 10 0 - 2599 2845 0 false
123 10 0 - 2573 2840 0 false
123 10 0 - 2576 2840 0 false
123 10 0 - 2579 2838 0 false
123 10 0 - 2582 2838 0 false
123 10 0 - 2568 2854 0 false
123 10 0 - 2568 2857 0 false
123 10 0 - 2553 2852 0 false
123 10 0 - 2553 2853 0 false
123 10 0 - 2553 2854 0 false
123 10 0 - 2553 2855 0 false
123 10 0 - 2553 2856 0 false
123 10 0 - 2553 2857 0 false
123 10 0 - 2553 2858 0 false
123 10 0 - 2553 2859 0 false
123 10 0 - 2553 2860 0 false
123 10 0 - 2553 2861 0 false
123 10 0 - 2556 2853 0 false
123 10 0 - 2556 2854 0 false
123 10 0 - 2556 2855 0 false
123 10 0 - 2556 2856 0 false
123 10 0 - 2556 2857 0 false
123 10 0 - 2556 2858 0 false
123 10 0 - 2556 2859 0 false
123 10 0 - 2556 2860 0 false
123 10 0 - 2556 2861 0 false
123 10 0 - 2556 2862 0 false
123 10 0 - 2554 2855 0 false
123 10 0 - 2554 2857 0 false
123 10 0 - 2554 2858 0 false
123 10 0 - 2554 2859 0 false
123 10 0 - 2554 2860 0 false
123 10 0 - 2554 2861 0 false
123 10 0 - 2554 2862 0 false
123 10 0 - 2554 2863 0 false
123 10 0 - 2554 2864 0 false
123 10 0 - 2558 2856 0 false
123 10 0 - 2558 2857 0 false
123 10 0 - 2558 2858 0 false
123 10 0 - 2558 2859 0 false
123 10 0 - 2558 2860 0 false
123 10 0 - 2558 2861 0 false
123 10 0 - 2558 2862 0 false
123 10 0 - 2558 2863 0 false
123 10 0 - 2558 2864 0 false
123 10 0 - 2558 2865 0 false
123 10 0 - 2558 2851 0 false
123 10 0 - 2558 2852 0 false
123 10 0 - 2558 2853 0 false
123 10 0 - 2558 2854 0 false
123 10 0 - 2558 2855 0 false
123 10 0 - 2559 2850 0 false
123 10 0 - 2559 2851 0 false
123 10 0 - 2559 2852 0 false
123 10 0 - 2559 2853 0 false
123 10 0 - 2559 2854 0 false
123 10 0 - 2559 2855 0 false
123 10 0 - 2559 2856 0 false
123 10 0 - 2559 2857 0 false
123 10 0 - 2559 2858 0 false
123 10 0 - 2559 2859 0 false
123 10 0 - 2549 2855 0 false
123 10 0 - 2549 2856 0 false
123 10 0 - 2549 2857 0 false
123 10 0 - 2549 2858 0 false
123 10 0 - 2549 2859 0 false
123 10 0 - 2549 2860 0 false
123 10 0 - 2549 2861 0 false
123 10 0 - 2549 2862 0 false
123 10 0 - 2549 2863 0 false
123 10 0 - 2549 2864 0 false
//Tutorial
7288 10 0 - 1348 5199 0 true
//Fishing Elite Guild
16089 10 0 - 2613 3386 0 true
16089 10 0 - 2614 3386 0 true
//Mining Elite Guild
49018 10 0 - 3045 9756 0 true
49018 10 0 - 3046 9756 0 true
49018 10 0 - 3047 9756 0 true
14859 10 0 - 3044 9752 0 true
14859 10 0 - 3044 9751 0 true
14859 10 0 - 3044 9750 0 true
14859 10 0 - 3044 9749 0 true
14859 10 0 - 3044 9748 0 true
14862 10 0 - 3048 9750 0 true
14862 10 0 - 3048 9749 0 true
14862 10 0 - 3048 9748 0 true
2491 10 0 - 3049 9741 0 true
45076 10 0 - 3039 9748 0 true
10946 10 0 - 3039 9743 0 true
10946 10 0 - 3039 9744 0 true
10947 10 0 - 3040 9743 0 true
10947 10 0 - 3040 9744 0 true
//Crafting Elite Guild
3294 10 0 - 2939 3288 0 true
2644 10 0 - 2930 3279 0 true
2646 10 0 - 2942 3279 0 true
2646 10 0 - 2941 3279 0 true
2646 10 0 - 2940 3279 0 true
2646 10 0 - 2939 3279 0 true
2646 10 0 - 2942 3278 0 true
2646 10 0 - 2941 3278 0 true
2646 10 0 - 2940 3278 0 true
2646 10 0 - 2939 3278 0 true
2646 10 0 - 2942 3277 0 true
2646 10 0 - 2941 3277 0 true
2646 10 0 - 2940 3277 0 true
2646 10 0 - 2939 3277 0 true
49018 10 0 - 2941 3283 0 true
//Cooking Elite Guild
2273 10 0 - 3143 3443 0 true
//
12274 10 0 - 3017 9263 0 true
12274 10 0 - 3012 9258 0 true
12274 10 0 - 3011 9264 0 true
12274 10 0 - 3014 9251 0 true
12274 10 0 - 3017 9248 0 true
12274 10 0 - 3022 9251 0 true
12274 10 0 - 3026 9254 0 true
12272 10 0 - 3023 9256 0 true
12272 10 0 - 3016 9260 0 true
12272 10 0 - 3019 9256 0 true
12272 10 0 - 3022 9253 0 true
12272 10 0 - 3016 9253 0 true
12272 10 0 - 3016 9260 0 true
12272 10 0 - 3019 9258 0 true
12274 10 0 - 3047 9265 0 true
12274 10 0 - 3041 9269 0 true
12274 10 0 - 3041 9264 0 true
12274 10 0 - 3046 9263 0 true
12274 10 0 - 3044 9266 0 true
12274 10 0 - 3047 9274 0 true
12274 10 0 - 3049 9270 0 true
12272 10 0 - 3050 9266 0 true
12272 10 0 - 3051 9262 0 true
12272 10 0 - 3049 9259 0 true
12272 10 0 - 3045 9258 0 true
12272 10 0 - 3041 9253 0 true
12272 10 0 - 3036 9261 0 true
12272 10 0 - 3040 9267 0 true
12274 10 0 - 3054 9248 0 true
12274 10 0 - 3059 9242 0 true
12274 10 0 - 3064 9242 0 true
12274 10 0 - 3061 9241 0 true
12274 10 0 - 3054 9236 0 true
12274 10 0 - 3059 9236 0 true
12274 10 0 - 3057 9248 0 true
12274 10 0 - 3061 9240 0 true
12274 10 0 - 3064 9235 0 true
12274 10 0 - 3061 9244 0 true
12272 10 0 - 3057 9241 0 true
12272 10 0 - 3054 9246 0 true
12272 10 0 - 3056 9234 0 true
12272 10 0 - 3063 9232 0 true
12272 10 0 - 3062 9236 0 true
12272 10 0 - 3062 9241 0 true
12272 10 0 - 3066 9243 0 true
12272 10 0 - 3057 9254 0 true
12272 10 0 - 3056 9247 0 true
12272 10 0 - 3053 9246 0 true
409 10 2 - 3169 3489 0 true
2465 10 0 - 4095 4918 0 true
2475 10 0 - 4094 4918 0 true
28716 10 0 - 4089 4920 0 true
59463 10 3 - 4106 4897 0 true
69463 10 3 - 2402 5084 0 true
36786 10 0 - 4096 4892 0 true
36786 10 0 - 4095 4892 0 true
36786 10 0 - 4094 4892 0 true
4874 10 0 - 4105 4905 0 true
4875 10 0 - 4105 4906 0 true
4876 10 0 - 4105 4907 0 true
4877 10 0 - 4105 4908 0 true
4878 10 0 - 4105 4909 0 true
9293 10 0 - 433 43 0 true
42425 10 1 - 4073 4909 0 true
28716 10 0 - 3178 5717 0 true
8797 10 0 - 3183 5720 0 true
57376 10 1 - 3185 5708 0 true
8579 10 0 - 2442 3543 0 true
8578 10 0 - 2440 3543 0 true
8577 10 0 - 2438 3543 0 true
8578 10 0 - 2436 3543 0 true
8579 10 0 - 2434 3543 0 true
1306 10 0 - 2694 3425 0 true
1306 10 0 - 3177 5711 0 true
1306 10 0 - 3175 5712 0 true
1306 10 0 - 3175 5711 0 true
1306 10 0 - 3177 5713 0 true
3825 10 0 - 3189 5720 0 true
3825 10 0 - 3189 5719 0 true
14428 10 0 - 3189 5719 0 true
14744 10 0 - 3190 5710 0 true
24744 10 0 - 3190 5711 0 true
3728 10 0 - 3092 3933 0 true
5 10 0 - 3354 3417 0 true
3 10 0 - 3354 3417 0 true
9 10 0 - 3354 3417 0 true
2 10 0 - 3354 3417 0 true
2 10 0 - 3351 3417 0 true
2 10 0 - 3353 3416 0 true
2 10 0 - 3352 3416 0 true
2 10 0 - 3351 3416 0 true
2 10 0 - 3351 3416 0 true
2 10 0 - 3351 3416 0 true
2 10 0 - 3350 3416 0 true
12003 10 0 - 4095 4899 0 true
12003 10 0 - 4095 4899 0 true
12094 10 0 - 4098 4899 0 true
12094 10 0 - 4098 4899 0 true
68900 10 0 - 4113 4911 0 true
68900 10 0 - 4113 4911 0 true
68234 10 0 - 4114 4913 0 true
68234 10 0 - 4114 4913 0 true
7389 10 0 - 2969 9688 0 true
7389 10 0 - 2969 9688 0 true
114 10 0 - 3470 9802 0 true
46300 10 0 - 3472 9808 0 true
2782 10 0 - 3474 9808 0 true
// portal
17783 10 0 - 2217 3349 0 true
17783 10 0 - 2217 3350 0 true
17783 10 0 - 2217 3351 0 true
17783 10 0 - 2217 3352 0 true
17783 10 0 - 2217 3353 0 true
17783 10 0 - 2217 3354 0 true
17783 10 0 - 2217 3355 0 true
17783 10 0 - 2217 3356 0 true
17783 10 0 - 2217 3357 0 true
17783 10 0 - 2217 3358 0 true
17783 10 1 - 2218 3359 0 true
17783 10 1 - 2219 3359 0 true
17783 10 1 - 2220 3359 0 true
17783 10 1 - 2221 3359 0 true
17783 10 1 - 2221 3359 0 true
17783 10 1 - 2222 3359 0 true
17783 10 1 - 2223 3359 0 true
17783 10 1 - 2224 3359 0 true
17783 10 1 - 2225 3359 0 true
17783 10 1 - 2226 3359 0 true
17783 10 1 - 2227 3359 0 true
17783 10 0 - 2228 3358 0 true
17783 10 0 - 2228 3357 0 true
17783 10 0 - 2228 3356 0 true
17783 10 0 - 2228 3355 0 true
17783 10 0 - 2228 3354 0 true
17783 10 0 - 2228 3353 0 true
17783 10 0 - 2228 3352 0 true
17783 10 0 - 2228 3351 0 true
17783 10 0 - 2228 3350 0 true
17783 10 0 - 2228 3349 0 true
17783 10 0 - 2228 3348 0 true
17783 10 1 - 2227 3347 0 true
17783 10 1 - 2226 3347 0 true
17783 10 1 - 2225 3347 0 true
17783 10 1 - 2218 3347 0 true
17783 10 1 - 2219 3347 0 true
17783 10 1 - 2220 3347 0 true
17784 10 0 - 2217 3359 0 true
17784 10 1 - 2228 3359 0 true
17784 10 2 - 2228 3347 0 true
17784 10 3 - 2217 3347 0 true
17784 10 2 - 2221 3347 0 true
17784 10 4 - 2224 3347 0 true
17783 10 0 - 2221 3346 0 true
17783 10 0 - 2221 3345 0 true
17783 10 0 - 2221 3344 0 true
17783 10 0 - 2221 3343 0 true
17783 10 0 - 2221 3342 0 true
17783 10 0 - 2224 3346 0 true
17783 10 0 - 2224 3346 0 true
17783 10 0 - 2224 3342 0 true
17783 10 0 - 2224 3343 0 true
17783 10 0 - 2224 3344 0 true
17783 10 0 - 2224 3345 0 true
17784 10 3 - 2224 3341 0 true
17784 10 2 - 2221 3341 0 true
17783 10 0 - 2229 3345 0 true
17783 10 1 - 2230 3346 0 true
17783 10 0 - 2217 3348 0 true
17784 10 0 - 2229 3346 0 true
17783 10 0 - 2229 3344 0 true
17783 10 0 - 2229 3343 0 true
17783 10 0 - 2229 3342 0 true
17784 10 2 - 2229 3341 0 true
17783 10 1 - 2228 3341 0 true
17783 10 1 - 2227 3341 0 true
17783 10 1 - 2226 3341 0 true
17783 10 1 - 2225 3341 0 true
17783 10 1 - 2231 3346 0 true
17783 10 1 - 2232 3346 0 true
17783 10 1 - 2233 3346 0 true
17783 10 1 - 2234 3346 0 true
17783 10 1 - 2235 3346 0 true
17783 10 1 - 2236 3346 0 true
17783 10 1 - 2237 3346 0 true
17783 10 1 - 2238 3346 0 true
17783 10 1 - 2239 3346 0 true
17783 10 1 - 2240 3346 0 true
17784 10 1 - 2241 3346 0 true
17783 10 0 - 2241 3345 0 true
17783 10 0 - 2241 3344 0 true
17783 10 0 - 2241 3343 0 true
17783 10 0 - 2241 3342 0 true
17783 10 0 - 2241 3341 0 true
17783 10 0 - 2241 3339 0 true
17783 10 0 - 2241 3340 0 true
17783 10 0 - 2241 3338 0 true
17783 10 0 - 2241 3337 0 true
17783 10 1 - 2228 3338 0 true
17783 10 1 - 2227 3338 0 true
17783 10 1 - 2226 3338 0 true
17783 10 1 - 2225 3338 0 true
17784 10 1 - 2229 3338 0 true
17783 10 0 - 2229 3337 0 true
17783 10 0 - 2229 3336 0 true
17783 10 0 - 2229 3335 0 true
17783 10 0 - 2229 3335 0 true
17783 10 0 - 2229 3334 0 true
17784 10 3 - 2229 3333 0 true
17783 10 1 - 2230 3333 0 true
17783 10 1 - 2231 3333 0 true
17783 10 1 - 2232 3333 0 true
17783 10 1 - 2233 3333 0 true
17783 10 1 - 2234 3333 0 true
17783 10 1 - 2235 3333 0 true
17783 10 1 - 2236 3333 0 true
17783 10 1 - 2237 3333 0 true
17783 10 1 - 2238 3333 0 true
17783 10 1 - 2239 3333 0 true
17783 10 1 - 2240 3333 0 true
17783 10 0 - 2241 3336 0 true
17783 10 0 - 2241 3335 0 true
17783 10 0 - 2241 3334 0 true
17784 10 2 - 2241 3333 0 true
17784 10 0 - 2224 3338 0 true
17784 10 1 - 2221 3338 0 true
17783 10 1 - 2220 3341 0 true
17783 10 1 - 2219 3341 0 true
17783 10 1 - 2218 3341 0 true
17783 10 1 - 2220 3338 0 true
17783 10 1 - 2219 3338 0 true
17783 10 1 - 2218 3338 0 true
17783 10 1 - 2217 3341 0 true
17783 10 1 - 2216 3341 0 true
17783 10 1 - 2216 3338 0 true
17783 10 1 - 2217 3338 0 true
17784 10 3 - 2216 3341 0 true
17784 10 0 - 2216 3338 0 true
17783 10 1 - 2216 3337 0 true
17783 10 0 - 2216 3337 0 true
17783 10 0 - 2216 3335 0 true
17783 10 0 - 2216 3336 0 true
17783 10 0 - 2216 3334 0 true
17784 10 2 - 2216 3333 0 true
17783 10 0 - 2215 3333 0 true
17783 10 1 - 2215 3333 0 true
17783 10 1 - 2214 3333 0 true
17783 10 1 - 2213 3333 0 true
17783 10 1 - 2212 3333 0 true
17783 10 1 - 2211 3333 0 true
17783 10 1 - 2210 3333 0 true
17783 10 1 - 2209 3333 0 true
17783 10 1 - 2208 3333 0 true
17783 10 1 - 2206 3333 0 true
17783 10 1 - 2207 3333 0 true
17783 10 1 - 2205 3333 0 true
17784 10 3 - 2204 3333 0 true
17784 10 1 - 2216 3346 0 true
17783 10 0 - 2216 3345 0 true
17783 10 0 - 2216 3344 0 true
17783 10 0 - 2216 3343 0 true
17783 10 0 - 2216 3342 0 true
17783 10 1 - 2215 3346 0 true
17783 10 1 - 2212 3346 0 true
17783 10 1 - 2214 3346 0 true
17783 10 1 - 2213 3346 0 true
17783 10 1 - 2211 3346 0 true
17783 10 1 - 2210 3346 0 true
17783 10 1 - 2209 3346 0 true
17783 10 1 - 2208 3346 0 true
17783 10 1 - 2207 3346 0 true
17783 10 1 - 2206 3346 0 true
17783 10 1 - 2205 3346 0 true
17784 10 0 - 2204 3346 0 true
17783 10 0 - 2204 3345 0 true
17783 10 0 - 2204 3344 0 true
17783 10 0 - 2204 3343 0 true
17783 10 0 - 2204 3342 0 true
17783 10 0 - 2204 3341 0 true
17783 10 0 - 2204 3340 0 true
17783 10 0 - 2204 3339 0 true
17783 10 0 - 2204 3338 0 true
17783 10 0 - 2204 3337 0 true
17783 10 0 - 2204 3336 0 true
17783 10 0 - 2204 3335 0 true
17783 10 0 - 2204 3334 0 true
17783 10 0 - 2221 3337 0 true
17783 10 0 - 2221 3336 0 true
17783 10 0 - 2221 3335 0 true
17783 10 0 - 2221 3334 0 true
17783 10 0 - 2221 3333 0 true
17783 10 0 - 2224 3333 0 true
17783 10 0 - 2224 3335 0 true
17783 10 0 - 2224 3337 0 true
17783 10 0 - 2224 3336 0 true
17783 10 0 - 2224 3334 0 true
17784 10 3 - 2224 3332 0 true
17784 10 2 - 2221 3332 0 true
17783 10 0 - 2220 3332 0 true
17783 10 1 - 2220 3332 0 true
17783 10 1 - 2219 3332 0 true
17783 10 1 - 2218 3332 0 true
17783 10 1 - 2225 3332 0 true
17783 10 1 - 2226 3332 0 true
17783 10 1 - 2227 3332 0 true
17784 10 1 - 2228 3332 0 true
17784 10 0 - 2217 3332 0 true
17783 10 0 - 2217 3330 0 true
17783 10 0 - 2217 3331 0 true
17783 10 0 - 2217 3329 0 true
17783 10 0 - 2217 3328 0 true
17783 10 0 - 2217 3327 0 true
17783 10 0 - 2217 3326 0 true
17783 10 0 - 2217 3325 0 true
17783 10 0 - 2217 3324 0 true
17783 10 0 - 2217 3323 0 true
17783 10 0 - 2217 3322 0 true
17783 10 0 - 2217 3321 0 true
17784 10 3 - 2217 3320 0 true
17783 10 0 - 2218 3320 0 true
17783 10 1 - 2218 3320 0 true
17783 10 1 - 2219 3320 0 true
17783 10 1 - 2221 3320 0 true
17783 10 1 - 2220 3320 0 true
17783 10 1 - 2222 3320 0 true
17783 10 1 - 2223 3320 0 true
17783 10 1 - 2224 3320 0 true
17783 10 1 - 2225 3320 0 true
17783 10 1 - 2226 3320 0 true
17783 10 1 - 2227 3320 0 true
17783 10 1 - 2228 3320 0 true
17783 10 0 - 2228 3331 0 true
17783 10 0 - 2228 3330 0 true
17783 10 0 - 2228 3329 0 true
17783 10 0 - 2228 3328 0 true
17783 10 0 - 2228 3327 0 true
17783 10 0 - 2228 3326 0 true
17783 10 0 - 2228 3325 0 true
17783 10 0 - 2228 3324 0 true
17783 10 0 - 2228 3323 0 true
17783 10 0 - 2228 3322 0 true
17783 10 0 - 2228 3321 0 true
17784 10 2 - 2228 3320 0 true
17784 10 1 - 2221 3347 0 true
52760 10 0 - 2229 3339 0 true
52760 10 1 - 2222 3332 0 true
52760 10 2 - 2216 3339 0 true
52760 10 3 - 2222 3347 0 true
170 10 3 - 2959 3215 0 true
17784 10 1 - 6302 6292 0 true
17783 10 0 - 6301 6292 0 true
17783 10 1 - 6301 6292 0 true
17783 10 1 - 6300 6292 0 true
17783 10 1 - 6299 6292 0 true
17783 10 1 - 6298 6292 0 true
17783 10 1 - 6297 6292 0 true
17783 10 1 - 6296 6292 0 true
17783 10 1 - 6295 6292 0 true
17783 10 1 - 6294 6292 0 true
17783 10 1 - 6292 6292 0 true
17783 10 1 - 6293 6292 0 true
17783 10 1 - 6291 6292 0 true
17783 10 1 - 6290 6292 0 true
17783 10 1 - 6289 6292 0 true
17783 10 1 - 6302 6292 0 true
17783 10 1 - 6303 6292 0 true
17783 10 1 - 6304 6292 0 true
17783 10 1 - 6305 6292 0 true
17784 10 0 - 6305 6292 0 true
17784 10 1 - 6305 6292 0 true
17783 10 1 - 6305 6292 0 true
17783 10 1 - 6306 6292 0 true
17783 10 1 - 6307 6292 0 true
17783 10 1 - 6308 6292 0 true
17783 10 1 - 6309 6292 0 true
17783 10 1 - 6310 6292 0 true
17784 10 0 - 6311 6292 0 true
17784 10 1 - 6311 6292 0 true
17783 10 0 - 6311 6291 0 true
17783 10 0 - 6311 6290 0 true
17783 10 0 - 6311 6289 0 true
17783 10 0 - 6311 6288 0 true
17783 10 0 - 6311 6286 0 true
17783 10 0 - 6311 6287 0 true
17784 10 2 - 6286 6292 0 true
17784 10 1 - 6286 6292 0 true
17784 10 0 - 6286 6292 0 true
17783 10 0 - 6286 6291 0 true
17783 10 0 - 6286 6290 0 true
17783 10 0 - 6286 6288 0 true
17783 10 0 - 6286 6289 0 true
17783 10 0 - 6286 6287 0 true
17783 10 0 - 6286 6286 0 true
17783 10 0 - 6286 6285 0 true
17783 10 0 - 6286 6284 0 true
17783 10 0 - 6286 6283 0 true
17783 10 0 - 6286 6282 0 true
17783 10 0 - 6286 6281 0 true
17783 10 0 - 6286 6280 0 true
17783 10 0 - 6286 6279 0 true
17783 10 0 - 6286 6279 0 true
17783 10 0 - 6286 6278 0 true
17783 10 0 - 6286 6277 0 true
17783 10 0 - 6286 6276 0 true
17783 10 0 - 6286 6272 0 true
17783 10 0 - 6286 6275 0 true
17783 10 0 - 6286 6275 0 true
17783 10 0 - 6286 6274 0 true
17783 10 0 - 6286 6273 0 true
17783 10 0 - 6286 6271 0 true
17783 10 0 - 6286 6270 0 true
17783 10 0 - 6286 6269 0 true
17783 10 0 - 6286 6268 0 true
17784 10 2 - 6286 6267 0 true
17784 10 1 - 6286 6267 0 true
17784 10 3 - 6286 6267 0 true
17783 10 1 - 6287 6267 0 true
17783 10 1 - 6288 6267 0 true
17783 10 1 - 6289 6267 0 true
17783 10 1 - 6290 6267 0 true
17783 10 1 - 6291 6267 0 true
17783 10 1 - 6292 6267 0 true
17783 10 1 - 6293 6267 0 true
17783 10 1 - 6294 6267 0 true
17783 10 1 - 6295 6267 0 true
17783 10 1 - 6296 6267 0 true
17783 10 1 - 6297 6267 0 true
17783 10 1 - 6299 6267 0 true
17783 10 1 - 6298 6267 0 true
17783 10 1 - 6300 6267 0 true
17783 10 1 - 6301 6267 0 true
17783 10 1 - 6302 6267 0 true
17783 10 1 - 6303 6267 0 true
17783 10 1 - 6304 6267 0 true
17783 10 1 - 6305 6267 0 true
17783 10 1 - 6306 6267 0 true
17783 10 1 - 6307 6267 0 true
17783 10 1 - 6308 6267 0 true
17783 10 1 - 6309 6267 0 true
17783 10 1 - 6310 6267 0 true
17784 10 2 - 6311 6267 0 true
17783 10 0 - 6311 6268 0 true
17783 10 0 - 6311 6269 0 true
17783 10 0 - 6311 6270 0 true
17783 10 0 - 6311 6271 0 true
17783 10 0 - 6311 6272 0 true
17783 10 0 - 6311 6273 0 true
17783 10 0 - 6311 6274 0 true
17783 10 0 - 6311 6275 0 true
17783 10 0 - 6311 6276 0 true
17783 10 0 - 6311 6277 0 true
17783 10 0 - 6311 6278 0 true
17783 10 0 - 6311 6279 0 true
17783 10 0 - 6311 6280 0 true
17783 10 0 - 6311 6281 0 true
17783 10 0 - 6311 6282 0 true
17783 10 0 - 6311 6283 0 true
17783 10 0 - 6311 6284 0 true
17783 10 0 - 6311 6285 0 true
17783 10 1 - 6288 6292 0 true
17783 10 1 - 6287 6292 0 true
17784 10 1 - 6310 6278 0 true
17783 10 1 - 6310 6278 0 true
17783 10 1 - 6309 6278 0 true
17783 10 1 - 6308 6278 0 true
17783 10 1 - 6307 6278 0 true
17783 10 1 - 6306 6278 0 true
17783 10 1 - 6305 6278 0 true
17783 10 1 - 6304 6278 0 true
17783 10 1 - 6302 6278 0 true
17783 10 1 - 6303 6278 0 true
17783 10 1 - 6301 6278 0 true
17783 10 1 - 6300 6278 0 true
17783 10 1 - 6299 6278 0 true
17784 10 3 - 6298 6278 0 true
17783 10 0 - 6298 6279 0 true
17783 10 0 - 6298 6280 0 true
17783 10 0 - 6298 6281 0 true
17783 10 0 - 6298 6284 0 true
17783 10 0 - 6298 6285 0 true
17783 10 0 - 6298 6286 0 true
17783 10 0 - 6298 6287 0 true
17783 10 0 - 6298 6288 0 true
17783 10 0 - 6298 6289 0 true
17783 10 0 - 6298 6289 0 true
17783 10 0 - 6298 6290 0 true
17783 10 0 - 6298 6291 0 true
52760 10 0 - 6298 6282 0 true
2213 10 0 - 6288 6292 0 true
17783 10 1 - 6287 6292 0 true
1 10 0 - 3029 4509 0 true
1 10 0 - 3029 4504 0 true
1 10 0 - 3027 4505 0 true
1 10 0 - 3028 4505 0 true
1 10 0 - 3032 4497 0 true
1 10 0 - 3033 4493 0 true
1 10 0 - 3034 4491 0 true
1 10 0 - 3037 4491 0 true
1 10 0 - 3039 4492 0 true
1 10 0 - 3036 4487 0 true
1 10 0 - 3044 4487 0 true
1 10 0 - 3051 4488 0 true
1 10 0 - 3055 4490 0 true
1 10 0 - 3054 4493 0 true
1 10 0 - 3056 4491 0 true
1 10 0 - 3055 4493 0 true
1 10 0 - 3051 4491 0 true
1 10 0 - 3051 4496 0 true
1 10 0 - 3046 4495 0 true
1 10 0 - 3041 4495 0 true
1 10 0 - 3040 4499 0 true
1 10 0 - 3042 4499 0 true
1 10 0 - 3032 4509 0 true
1 10 0 - 3028 4514 0 true
1 10 0 - 3022 4498 0 true
1 10 0 - 3020 4494 0 true
1 10 0 - 3022 4494 0 true
1 10 0 - 3026 4495 0 true
1 10 0 - 3028 4492 0 true
1 10 0 - 3020 4504 0 true
1 10 0 - 3019 4503 0 true
1 10 0 - 3021 4506 0 true
1 10 0 - 3018 4510 0 true
1 10 0 - 3017 4512 0 true
1 10 0 - 3017 4514 0 true
1 10 0 - 3021 4515 0 true
1 10 0 - 3023 4516 0 true
1 10 0 - 3023 4519 0 true
1 10 0 - 3026 4522 0 true
1 10 0 - 3028 4521 0 true
1 10 0 - 3031 4521 0 true
1 10 0 - 3031 4519 0 true
1 10 0 - 3032 4514 0 true
1 10 0 - 3035 4516 0 true
1 10 0 - 3020 4519 0 true
1 10 0 - 3039 4501 0 true
1 10 0 - 3036 4494 0 true
13715 10 3 - 2954 3217 0 true
9575 10 0 - 2116 3948 0 true
17783 10 0 - 3205 2805 0 true
17783 10 0 - 3205 2806 0 true
17783 10 1 - 3206 2807 0 true
17783 10 1 - 3207 2807 0 true
17784 10 0 - 3205 2807 0 true
17783 10 0 - 3205 2802 0 true
17783 10 0 - 3205 2801 0 true
17783 10 0 - 3205 2800 0 true
17783 10 0 - 3205 2799 0 true
17783 10 0 - 3205 2798 0 true
17783 10 0 - 3205 2797 0 true
17783 10 0 - 3205 2796 0 true
17783 10 0 - 3205 2795 0 true
17783 10 0 - 3205 2794 0 true
17783 10 0 - 3205 2793 0 true
17783 10 0 - 3205 2792 0 true
17783 10 0 - 3205 2791 0 true
17783 10 0 - 3205 2790 0 true
17783 10 0 - 3205 2789 0 true
17783 10 0 - 3205 2788 0 true
17783 10 0 - 3205 2787 0 true
17783 10 0 - 3205 2786 0 true
17783 10 0 - 3205 2785 0 true
17783 10 0 - 3205 2784 0 true
17783 10 0 - 3205 2783 0 true
17783 10 0 - 3205 2782 0 true
17783 10 0 - 3205 2781 0 true
17783 10 0 - 3205 2780 0 true
17783 10 1 - 3206 2779 0 true
17783 10 1 - 3207 2779 0 true
17783 10 1 - 3208 2779 0 true
17783 10 1 - 3209 2779 0 true
17783 10 1 - 3210 2779 0 true
17783 10 1 - 3211 2779 0 true
17783 10 1 - 3213 2779 0 true
17783 10 1 - 3212 2779 0 true
17783 10 1 - 3214 2779 0 true
17783 10 1 - 3215 2779 0 true
17783 10 1 - 3216 2779 0 true
17783 10 1 - 3218 2779 0 true
17783 10 1 - 3217 2779 0 true
17783 10 1 - 3219 2779 0 true
17783 10 1 - 3220 2779 0 true
17783 10 1 - 3221 2779 0 true
17783 10 1 - 3222 2779 0 true
17783 10 1 - 3223 2779 0 true
17783 10 1 - 3224 2779 0 true
17783 10 1 - 3225 2779 0 true
17783 10 1 - 3226 2779 0 true
17783 10 1 - 3227 2779 0 true
17783 10 1 - 3228 2779 0 true
17783 10 0 - 3233 2806 0 true
17783 10 0 - 3233 2805 0 true
17783 10 0 - 3233 2804 0 true
17783 10 0 - 3233 2803 0 true
17783 10 0 - 3233 2802 0 true
17783 10 0 - 3233 2801 0 true
17783 10 0 - 3233 2800 0 true
17783 10 0 - 3233 2799 0 true
17783 10 0 - 3233 2798 0 true
17783 10 0 - 3233 2797 0 true
17783 10 0 - 3233 2796 0 true
17783 10 0 - 3233 2795 0 true
17783 10 0 - 3233 2794 0 true
17783 10 0 - 3233 2793 0 true
17783 10 0 - 3233 2792 0 true
17783 10 0 - 3233 2791 0 true
17783 10 0 - 3233 2790 0 true
17783 10 0 - 3233 2789 0 true
17783 10 0 - 3233 2788 0 true
17783 10 0 - 3233 2787 0 true
17783 10 0 - 3233 2786 0 true
17783 10 0 - 3233 2785 0 true
17783 10 0 - 3233 2784 0 true
17783 10 0 - 3233 2783 0 true
17783 10 0 - 3233 2782 0 true
17783 10 0 - 3233 2781 0 true
17783 10 0 - 3233 2780 0 true
17783 10 1 - 3232 2779 0 true
17783 10 1 - 3231 2779 0 true
17783 10 1 - 3230 2779 0 true
17783 10 1 - 3229 2779 0 true
17784 10 2 - 3233 2779 0 true
17783 10 1 - 3232 2807 0 true
17783 10 1 - 3231 2807 0 true
17783 10 1 - 3230 2807 0 true
17783 10 1 - 3229 2807 0 true
17783 10 1 - 3228 2807 0 true
17783 10 1 - 3227 2807 0 true
17783 10 1 - 3226 2807 0 true
17783 10 1 - 3225 2807 0 true
17783 10 1 - 3224 2807 0 true
17783 10 1 - 3223 2807 0 true
17783 10 1 - 3222 2807 0 true
17783 10 1 - 3221 2807 0 true
17783 10 1 - 3220 2807 0 true
17783 10 1 - 3219 2807 0 true
17783 10 1 - 3218 2807 0 true
17783 10 1 - 3217 2807 0 true
17783 10 1 - 3216 2807 0 true
17783 10 1 - 3215 2807 0 true
17783 10 1 - 3214 2807 0 true
17783 10 1 - 3213 2807 0 true
17783 10 1 - 3212 2807 0 true
17783 10 1 - 3211 2807 0 true
17783 10 1 - 3210 2807 0 true
1 10 0 - 3034 3340 0 true
1 10 0 - 3034 3339 0 true
1 10 0 - 3034 3338 0 true
1 10 0 - 3034 3337 0 true
59463 10 0 - 1822 5152 2 true
14860 10 0 - 1838 5154 2 true
14860 10 0 - 1838 5155 2 true
14860 10 1 - 1837 5156 2 true
14860 10 2 - 1838 5157 2 true
14860 10 5 - 1837 5158 2 true
14860 10 3 - 1836 5159 2 true
14860 10 2 - 1837 5159 2 true
14860 10 1 - 1838 5158 2 true
14860 10 2 - 1839 5154 2 true
14860 10 1 - 1837 5155 2 true
5999 10 0 - 1834 5161 2 true
45076 10 2 - 1832 5163 2 true
3044 10 1 - 1827 5164 2 true
3044 10 2 - 1838 5150 2 true
63176 10 0 - 1836 5143 2 true
63178 10 0 - 1835 5142 2 true
63178 10 0 - 1833 5139 2 true
63176 10 0 - 1834 5140 2 true
63176 10 0 - 1837 5146 2 true
63178 10 0 - 1836 5145 2 true
34915 10 2 - 1825 5135 3 true
34915 10 2 - 1825 5134 3 true
34915 10 2 - 1823 5135 3 true
2783 10 0 - 1830 5164 2 true
34386 10 3 - 1810 5155 2 true
34386 10 3 - 1810 5153 2 true
34386 10 3 - 1810 5151 2 true
34386 10 3 - 1810 5149 2 true
70765 10 1 - 1819 5164 2 true
2213 10 1 - 2357 3174 0 true
2213 10 1 - 2357 3173 0 true
2213 10 1 - 2357 3172 0 true
2213 10 1 - 2357 3171 0 true
2213 10 1 - 2357 3170 0 true
2213 10 1 - 2357 3169 0 true
13199 10 1 - 2350 3180 0 true
2563 10 1 - 2356 3177 0 true
13715 10 0 - 2355 3176 0 true
1158 10 0 - 2349 3173 0 true
1158 10 1 - 2349 3170 0 true
1158 10 1 - 2356 3167 0 true
15478 10 0 - 2348 3181 0 true
15478 10 1 - 2348 3181 0 true
15478 10 3 - 2348 3181 0 true
15478 10 3 - 2348 3176 0 true
15478 10 3 - 2348 3175 0 true
1317 10 3 - 2336 3170 0 true
123 10 0 - 2354 3171 0 true
123 10 0 - 2354 3172 0 true
123 10 0 - 2354 3173 0 true
123 10 0 - 2355 3172 0 true
123 10 0 - 2355 3171 0 true
123 10 0 - 2354 3170 0 true
123 10 0 - 2354 3169 0 true
123 10 0 - 2355 3169 0 true
123 10 0 - 2351 3169 0 true
123 10 0 - 2351 3168 0 true
123 10 0 - 2350 3169 0 true
123 10 0 - 2351 3170 0 true
123 10 0 - 2350 3168 0 true
123 10 0 - 2350 3175 0 true
123 10 0 - 2350 3174 0 true
123 10 0 - 2351 3174 0 true
123 10 0 - 2352 3175 0 true
123 10 0 - 2354 3174 0 true
123 10 0 - 2355 3174 0 true
123 10 0 - 2354 3180 0 true
123 10 0 - 2354 3181 0 true
123 10 0 - 2348 3178 0 true
123 10 0 - 2348 3177 0 true
123 10 0 - 2348 3175 0 true
123 10 0 - 2350 3177 0 true
123 10 0 - 2348 3180 0 true
123 10 0 - 2346 3182 0 true
123 10 0 - 2346 3182 0 true
123 10 0 - 2346 3183 0 true
123 10 0 - 2345 3183 0 true
123 10 0 - 2345 3182 0 true
123 10 0 - 2344 3182 0 true
123 10 0 - 2343 3180 0 true
123 10 0 - 2343 3181 0 true
123 10 0 - 2345 3180 0 true
123 10 0 - 2345 3179 0 true
123 10 0 - 2345 3180 0 true
123 10 0 - 2338 3172 0 true
123 10 0 - 2337 3171 0 true
123 10 0 - 2337 3171 1 true
123 10 0 - 2337 3168 0 true
123 10 0 - 2339 3168 0 true
123 10 0 - 2336 3168 0 true
123 10 0 - 2336 3175 0 true
123 10 0 - 2337 3175 0 true
123 10 0 - 2339 3175 0 true
123 10 0 - 2342 3163 0 true
123 10 0 - 2352 3180 0 true
46935 10 1 - 2350 3165 0 true
123 10 0 - 2342 3185 0 true
123 10 0 - 2342 3186 0 true
123 10 0 - 2340 3187 0 true
123 10 0 - 2339 3187 0 true
123 10 0 - 2340 3188 0 true
123 10 0 - 2341 3188 0 true
123 10 0 - 2336 3185 0 true
123 10 0 - 2335 3185 0 true
123 10 0 - 2334 3186 0 true
123 10 0 - 2335 3186 0 true
30543 10 1 - 3249 3192 0 true
30550 10 0 - 3248 3192 0 true
123 10 0 - 2755 3509 0 true
123 10 0 - 2755 3511 0 true
123 10 0 - 2757 3513 0 true
123 10 0 - 2759 3513 0 true
123 10 0 - 2761 3511 0 true
123 10 0 - 2761 3509 0 true
123 10 0 - 2759 3507 0 true
123 10 0 - 2757 3507 0 true
123 10 0 - 2756 3508 0 true
123 10 0 - 2765 3510 0 true
123 10 0 - 2765 3509 0 true
123 10 0 - 2766 3509 0 true
123 10 0 - 2767 3509 0 true
123 10 0 - 2767 3506 0 true
123 10 0 - 2767 3505 0 true
123 10 0 - 2767 3508 0 true
123 10 0 - 2767 3511 0 true
123 10 0 - 2767 3512 0 true
123 10 0 - 2767 3514 0 true
123 10 0 - 2764 3517 0 true
123 10 0 - 2762 3517 0 true
123 10 0 - 2761 3517 0 true
123 10 0 - 2760 3517 0 true
123 10 0 - 2756 3517 0 true
123 10 0 - 2752 3517 0 true
123 10 0 - 2754 3504 0 true
123 10 0 - 2761 3504 0 true
123 10 0 - 2750 3509 0 true
123 10 0 - 2757 3504 0 true
123 10 0 - 2758 3504 0 true
123 10 0 - 2758 3503 0 true
123 10 0 - 2757 3503 0 true
25638 10 4 - 2757 3503 0 true
25640 10 2 - 2758 3503 0 true
2213 10 0 - 2754 3517 0 true
2213 10 0 - 2755 3517 0 true
2213 10 0 - 2756 3517 0 true
2213 10 0 - 2757 3517 0 true
2213 10 0 - 2758 3517 0 true
2213 10 0 - 2759 3517 0 true
2213 10 0 - 2760 3517 0 true
2213 10 0 - 2761 3517 0 true
2213 10 0 - 2762 3517 0 true
172 10 1 - 2749 3514 0 true
123 10 0 - 2755 3516 0 true
14046 10 0 - 2766 3512 0 true
14053 10 0 - 2766 3510 0 true
14050 10 0 - 2766 3508 0 true
15478 10 3 - 2749 3506 0 true
123 10 0 - 2761 3508 1 true
123 10 0 - 2761 3510 1 true
123 10 0 - 2761 3511 1 true
123 10 0 - 2761 3513 1 true
123 10 0 - 2761 3515 1 true
123 10 0 - 2760 3517 1 true
123 10 0 - 2759 3517 1 true
123 10 0 - 2762 3517 1 true
123 10 0 - 2763 3517 1 true
123 10 0 - 2765 3516 1 true
123 10 0 - 2767 3514 1 true
123 10 0 - 2768 3513 1 true
123 10 0 - 2768 3511 1 true
123 10 0 - 2768 3510 1 true
123 10 0 - 2768 3512 1 true
123 10 0 - 2768 3508 1 true
123 10 0 - 2768 3507 1 true
123 10 0 - 2764 3508 1 true
123 10 0 - 2764 3510 1 true
123 10 0 - 2764 3511 1 true
123 10 0 - 2762 3508 1 true
123 10 0 - 2762 3512 1 true
123 10 0 - 2764 3513 1 true
123 10 0 - 2757 3513 1 true
123 10 0 - 2757 3516 1 true
123 10 0 - 2757 3510 1 true
123 10 0 - 2757 3507 1 true
123 10 0 - 2759 3506 1 true
123 10 0 - 2764 3506 1 true
14044 10 0 - 2766 3506 0 true
123 0 10 - 2757 3498 0 true
123 10 0 - 2757 3498 0 true
13199 10 0 - 2757 3504 0 true
2213 10 1 - 2768 3513 1 true
2213 10 1 - 2768 3512 1 true
2213 10 1 - 2768 3511 1 true
2213 10 1 - 2768 3510 1 true
2213 10 1 - 2768 3509 1 true
2213 10 1 - 2768 3509 1 true
2213 10 1 - 2768 3508 1 true
2213 10 1 - 2768 3507 1 true
1158 10 1 - 2768 3506 1 true
2563 10 2 - 2753 3504 0 true
